PID|MID|SID|SID2
312|12|9|5
1231|18|0|6
688|10|4|5
1643|10|8|2
1019|8|6|8
1148|9|9|8
1823|14|6|7
1526|12|7|5
150|6|2|2
1296|2|9|4
1094|10|1|2
1653|1|9|4
605|14|6|4
1241|12|0|3
305|17|6|1
1343|2|3|3
26|9|7|9
1457|5|2|9
1484|17|6|5
1960|3|3|3
1326|12|5|4
1357|10|0|5
522|18|2|6
104|13|3|9
94|7|7|3
91|16|3|8
1418|13|2|8
1091|18|2|8
1974|18|7|8
1152|11|8|4
1907|13|7|0
423|2|7|0
1375|4|9|6
673|7|2|7
1877|15|0|2
1867|11|0|7
921|14|9|9
490|6|5|8
1806|18|8|6
273|2|5|8
935|2|9|2
1793|9|9|1
157|6|0|8
1882|13|7|1
1703|15|0|0
1087|9|3|4
689|18|2|4
1749|18|4|4
1570|1|9|4
1516|7|7|9
1867|4|3|9
1002|13|3|7
1|10|0|6
482|1|9|5
684|1|9|7
1410|18|6|7
337|18|3|5
1924|9|6|9
83|7|9|6
1485|14|8|6
1073|4|9|7
1916|16|9|4
1727|10|0|3
1732|11|2|1
1561|10|3|2
1909|7|8|7
12|18|0|9
1138|16|2|1
646|14|8|5
366|18|4|9
1423|3|0|5
1378|12|2|2
1185|3|2|2
1844|3|4|7
516|13|7|5
900|7|3|5
264|16|6|6
1652|12|8|0
969|13|7|4
1738|11|9|5
750|7|7|5
1067|15|7|3
324|16|7|9
1584|18|5|5
221|16|1|3
1140|5|7|7
235|3|8|6
325|7|3|4
585|18|4|2
127|14|3|2
445|11|2|1
713|10|9|9
103|11|6|1
2000|13|9|0
1033|13|9|7
468|14|3|7
437|7|2|3
300|7|4|1
1888|11|0|1
1028|8|1|8
1507|8|8|7
1829|6|6|7
321|17|4|7
1243|14|8|7
1320|3|6|8
9|13|9|4
1547|8|0|0
1924|4|4|8
1018|10|4|6
1690|4|4|5
744|16|8|6
115|18|3|8
539|13|6|0
704|3|0|4
1972|2|9|0
30|11|1|8
130|18|1|6
95|13|2|2
1654|8|4|1
1093|10|9|5
1892|10|6|0
143|16|9|9
1666|9|9|3
1713|3|3|2
1277|13|5|4
1471|3|3|4
686|13|3|0
162|11|8|9
396|2|1|5
1057|15|8|0
777|8|4|1
832|18|3|7
1443|9|1|9
1304|11|3|4
834|11|3|0
1270|7|2|1
1996|8|6|3
148|12|0|5
213|7|5|4
1170|12|4|0
1860|6|1|2
35|3|6|9
1803|12|6|5
252|17|7|5
546|6|0|4
387|4|5|8
308|3|0|6
942|4|2|6
691|18|2|6
1358|5|4|8
1284|7|6|3
1453|8|1|2
1791|4|4|5
633|2|6|3
1513|13|9|5
1218|1|1|0
1745|13|3|8
239|2|1|3
277|7|7|2
570|12|0|3
1571|3|8|1
1412|6|4|4
1158|10|4|7
1717|13|5|2
1239|4|8|5
1995|16|6|7
413|16|4|6
819|17|5|0
321|9|0|3
931|14|9|6
1389|16|4|1
1063|12|5|7
1049|16|0|2
1797|9|0|9
660|1|1|1
1993|3|5|0
1447|2|7|8
579|13|5|6
1317|12|3|0
418|18|1|3
1999|10|1|7
227|11|7|2
1319|18|1|6
554|4|8|1
29|16|2|9
1547|10|1|2
30|16|7|3
155|14|5|5
1781|14|2|2
1030|16|1|8
1557|10|9|1
1418|6|6|4
128|5|5|7
1591|3|6|1
1048|1|4|8
1185|3|5|2
1991|13|6|8
1233|18|2|8
326|13|9|6
1693|10|4|1
1900|18|5|8
340|10|8|4
1993|17|0|5
1500|18|0|8
441|17|3|8
220|15|9|7
927|18|9|7
395|13|8|7
1407|6|4|2
350|1|6|0
703|16|7|9
1063|12|9|7
382|12|2|9
964|17|1|7
464|17|7|7
1478|8|1|4
1107|2|2|1
1325|17|4|5
1153|5|9|6
253|6|8|1
769|17|0|7
1597|14|8|2
1922|11|8|7
1639|5|8|7
421|18|6|3
1553|16|6|9
689|6|4|8
5|14|1|8
308|2|5|1
869|8|5|1
396|10|1|2
313|4|7|2
1584|2|1|5
250|6|8|3
1790|12|7|4
1972|12|2|5
1596|3|5|1
712|16|5|2
579|8|6|7
1730|11|7|4
1949|14|6|6
904|12|4|8
1641|17|3|3
1044|9|9|3
156|3|6|8
1658|9|7|7
104|15|9|7
1862|3|6|2
1798|2|0|0
1694|17|6|1
1677|4|2|8
1155|10|6|2
1657|8|4|2
1096|6|3|6
1429|12|5|3
503|18|3|0
1443|14|2|1
1224|6|4|6
502|12|1|7
1321|14|4|9
1971|1|5|8
362|3|0|1
1344|9|2|1
972|8|9|7
687|9|4|1
764|7|2|7
1903|18|4|2
1879|18|8|9
1758|16|3|5
1483|18|4|0
1321|13|4|9
1033|18|4|6
1609|7|5|4
1415|17|8|3
1080|4|4|5
847|15|8|9
408|1|2|3
1177|2|7|9
1646|14|3|4
1710|7|5|7
1958|1|0|0
1637|17|2|0
1407|1|6|3
1965|10|8|1
1681|4|8|7
1202|18|5|5
1762|18|6|4
320|13|4|8
1354|18|4|1
309|14|5|8
578|3|3|6
330|13|8|6
551|5|4|8
868|18|3|5
1571|14|8|6
175|4|5|8
299|3|9|6
689|16|0|9
338|6|8|7
535|9|4|1
1424|4|6|0
937|16|0|1
395|4|0|7
1717|7|0|6
281|11|8|2
413|8|8|0
1508|2|3|1
653|1|2|3
1811|8|0|4
1209|16|4|3
316|5|6|6
1467|15|8|4
986|17|7|0
1267|15|0|3
1936|8|7|3
1585|11|1|2
1411|16|6|7
1287|15|0|7
1981|8|7|9
1602|1|0|3
1890|16|3|0
1278|12|2|7
1103|17|5|1
775|12|3|3
1261|3|3|5
640|7|2|3
1195|14|7|3
929|13|4|7
1414|3|1|3
1166|9|3|3
924|7|8|8
978|9|1|3
435|18|7|7
799|10|1|7
278|2|1|7
412|5|6|0
288|8|8|0
1344|10|1|2
1131|18|9|1
557|4|5|7
176|16|9|6
92|6|4|3
728|1|6|9
1524|17|9|3
1288|15|0|4
165|6|2|7
51|18|6|2
1501|14|7|6
677|1|0|8
967|3|6|0
1522|3|7|6
563|5|4|1
709|11|3|2
1874|14|0|6
702|3|8|0
774|17|9|2
299|5|3|6
29|3|1|7
1340|7|9|9
468|11|8|1
1533|16|9|7
1843|7|4|3
1801|14|0|5
709|4|5|1
646|3|0|6
1706|9|8|8
96|12|2|8
1592|6|6|5
37|16|8|6
1087|7|8|2
629|8|4|3
1378|1|3|7
1978|17|2|2
1524|9|7|2
296|10|9|4
871|18|1|5
1200|1|3|4
165|17|2|8
710|4|3|8
1984|13|4|3
275|15|9|9
1749|3|1|0
601|10|9|9
1664|2|0|8
1619|11|1|9
795|5|5|6
1561|8|4|3
1858|15|7|0
973|3|0|1
659|18|6|9
1237|15|9|0
1182|8|3|4
1576|12|0|4
1383|5|7|6
228|8|0|5
991|16|0|8
1034|18|4|7
861|2|3|3
1160|6|6|0
674|17|8|6
25|2|3|6
1021|4|9|6
386|12|8|1
129|10|2|6
461|6|7|7
528|4|6|6
1916|2|6|8
609|8|2|9
1662|1|9|9
1281|9|0|3
1723|17|4|9
534|13|4|3
1052|5|0|3
1414|17|9|9
1542|10|9|6
269|18|7|3
1540|4|4|1
1161|10|5|6
1843|18|4|3
1719|10|9|1
60|9|2|1
844|8|1|3
1466|18|5|2
837|4|4|1
1328|10|5|5
1389|11|7|5
725|13|3|6
301|1|9|8
751|15|0|8
816|18|3|6
1411|5|1|8
604|7|7|5
1164|18|2|2
1387|9|1|3
1256|12|1|5
571|9|7|4
547|8|8|8
718|10|7|7
159|6|2|5
882|12|1|2
828|6|0|5
160|12|5|2
773|7|7|2
758|16|6|9
691|6|2|9
195|10|5|1
1115|7|0|1
1113|5|0|8
19|9|7|2
701|7|2|0
90|8|8|4
730|16|9|9
414|12|6|3
649|14|2|5
1356|12|0|0
1932|17|5|6
1368|18|5|9
294|6|4|5
1842|11|7|6
1432|7|2|0
801|8|7|5
665|10|1|7
1628|13|1|8
1898|17|3|5
1414|18|1|1
1497|15|7|3
1856|18|5|4
388|9|3|9
1673|11|8|0
1200|2|5|6
656|3|3|1
645|1|9|3
660|1|6|6
664|11|5|3
213|16|6|7
1433|2|8|1
70|18|7|3
571|16|7|0
1350|10|3|8
1220|18|4|2
661|17|6|3
1083|14|0|0
305|10|7|1
1558|16|8|7
1777|7|7|4
1208|13|1|7
1991|7|4|8
1107|5|2|7
372|12|4|0
229|18|5|8
1|18|7|7
1127|2|0|5
59|9|4|5
1629|16|2|4
731|13|8|9
1266|3|3|5
1035|7|0|7
218|13|0|2
131|1|4|0
1805|2|7|8
1008|10|6|9
281|2|0|6
117|2|1|8
1764|5|0|9
244|3|4|0
1054|4|9|5
1471|4|6|4
1760|4|1|5
88|4|8|1
458|3|9|3
1894|4|9|4
1722|1|3|4
456|1|8|1
1480|5|3|3
1540|10|7|8
879|17|6|7
1240|5|9|2
1134|14|1|8
1652|14|9|5
1027|12|3|8
1329|11|5|7
785|3|3|2
26|9|8|0
253|8|0|0
1395|17|6|2
787|14|8|9
1409|1|4|5
1361|10|9|6
1148|15|8|4
1374|3|9|1
981|18|3|1
1535|9|3|7
627|17|3|9
448|2|7|8
943|4|1|2
803|6|4|1
1245|4|9|4
416|17|2|2
1168|18|5|0
825|11|2|4
1810|12|0|7
990|2|7|8
1838|10|6|9
329|17|0|2
114|13|7|1
1359|15|0|1
1834|3|5|5
695|7|3|9
299|9|9|7
981|9|8|0
1427|18|0|2
1282|18|4|3
1403|5|7|4
933|2|6|5
800|1|4|2
739|13|5|6
1640|4|5|2
788|4|2|3
1978|14|6|0
1952|10|1|0
1142|4|5|0
49|6|7|2
1287|1|5|4
1979|3|3|9
686|2|8|7
1749|18|5|5
1844|11|1|1
672|13|5|1
695|4|7|6
1675|12|8|5
1889|12|9|7
1747|18|5|3
1171|17|5|4
1243|5|4|3
1978|6|7|5
1638|16|4|4
815|9|3|7
1411|2|3|4
932|2|0|6
1514|18|6|2
648|9|4|5
723|17|3|7
1906|16|0|3
1865|4|3|4
1538|6|9|2
1317|14|6|3
1912|16|0|4
1500|16|9|1
1440|4|3|6
735|16|3|8
1020|6|0|0
856|2|3|4
1865|13|5|5
558|12|4|3
827|15|7|5
1771|12|6|9
31|6|0|3
1057|7|3|1
1151|6|8|1
228|2|0|6
232|1|4|6
1532|13|1|1
729|13|9|9
873|9|7|5
1675|18|9|3
700|11|6|8
214|18|7|2
1000|5|4|1
799|15|7|8
1390|10|2|8
132|16|0|3
1076|5|8|6
169|6|0|0
1965|18|1|0
577|2|6|2
475|13|6|2
1024|8|1|4
1741|18|5|6
542|10|1|2
1592|11|5|8
1394|11|0|2
879|3|2|1
1938|2|7|2
741|5|7|4
943|11|8|0
1893|18|8|5
1035|3|4|4
371|12|9|8
895|7|8|3
356|1|2|5
811|14|1|1
1014|2|2|4
737|5|6|7
84|1|4|9
1589|8|3|4
1215|3|3|9
1971|6|0|2
63|17|8|5
164|1|7|6
1791|2|6|2
1385|5|0|9
1618|10|5|6
552|11|8|2
1119|6|8|1
1373|1|1|4
1953|3|0|5
354|5|3|4
1663|5|1|5
951|15|7|0
386|12|6|9
1289|10|7|8
1942|18|9|0
1312|3|4|1
311|14|8|9
430|4|5|5
1542|11|1|5
1068|11|4|4
171|2|7|0
491|18|1|7
724|5|4|6
1396|6|5|0
1625|5|4|8
365|13|1|9
77|4|3|6
837|1|0|2
1174|17|9|4
374|1|3|7
891|7|9|4
480|10|6|1
185|3|6|8
782|8|3|6
1008|9|4|4
1706|18|5|5
69|10|2|8
480|4|6|3
348|6|1|3
871|12|1|0
1847|8|7|1
755|5|4|5
1071|1|6|6
1235|10|5|2
727|18|8|9
573|14|5|0
1256|14|1|6
358|2|1|6
1386|5|9|9
203|2|4|6
1682|11|3|5
1867|18|8|9
78|9|9|6
718|13|4|0
293|16|5|5
1203|18|0|7
946|18|1|7
1257|17|5|4
1577|14|1|0
1118|11|6|4
1661|7|5|6
1935|9|0|0
1863|1|8|1
1088|7|1|1
1743|2|4|6
356|13|4|9
1635|14|1|2
1193|15|7|7
5|6|9|4
1514|8|4|6
603|16|3|2
137|3|3|8
1297|9|7|9
543|10|5|6
1375|10|3|2
1129|13|9|0
1838|13|7|3
1114|2|1|9
1567|5|1|7
613|12|1|1
1462|13|6|8
267|6|5|9
1151|14|9|8
167|17|3|5
1128|17|5|5
1890|17|7|1
2000|18|3|6
1594|8|0|4
1623|2|4|4
721|17|1|3
346|9|9|1
98|7|9|5
1820|18|9|3
50|10|7|7
122|7|1|9
239|10|8|3
164|16|5|6
952|3|1|8
468|7|9|2
470|17|8|6
1658|12|9|8
1090|4|0|5
651|6|8|1
684|5|7|7
720|17|9|5
694|4|9|6
812|16|1|6
98|7|7|0
1563|11|3|3
935|13|9|8
553|10|3|1
299|9|3|1
1364|3|9|6
827|2|5|2
1957|6|2|8
1531|18|6|5
742|7|6|6
78|9|8|9
616|3|7|2
288|17|9|1
1210|13|2|5
448|13|1|9
1916|9|9|8
1931|12|5|9
1456|18|7|4
1979|6|7|0
313|3|9|4
478|8|1|8
1953|5|2|5
1149|6|0|9
1136|4|4|7
954|6|0|7
911|8|7|0
1834|2|4|5
1284|11|9|6
830|4|3|4
1977|8|8|1
347|9|4|1
284|14|4|9
749|12|6|0
885|4|0|6
500|5|2|2
921|15|8|1
1782|7|2|5
786|2|1|7
109|2|5|2
1321|13|5|4
624|8|9|5
1225|5|6|3
762|7|4|2
509|18|3|9
655|11|0|1
57|10|8|4
845|9|1|7
109|8|3|4
298|12|1|5
884|11|4|0
1733|14|9|5
1567|3|5|5
1723|5|8|9
1974|13|1|0
196|2|7|1
1764|13|6|1
1927|16|1|6
323|18|8|7
468|12|0|3
559|12|1|7
1818|11|3|9
871|4|4|8
804|2|3|1
930|3|2|4
63|17|8|4
328|14|7|1
351|18|5|1
1417|18|6|5
12|8|2|8
1881|16|6|2
133|6|4|3
394|8|0|6
1396|16|7|3
50|13|5|0
227|1|6|8
917|12|7|5
1765|14|0|1
1649|11|0|9
449|14|5|6
1061|6|8|0
218|7|4|2
1189|4|0|2
1591|7|5|4
309|11|6|4
618|1|3|1
203|18|7|3
1190|5|7|5
824|5|6|3
474|14|2|8
136|10|6|9
42|18|2|7
298|9|0|1
596|8|4|6
347|5|5|8
335|16|4|0
510|1|6|0
1045|11|7|3
1374|16|4|1
598|12|0|7
1018|14|9|9
1676|17|0|6
1347|18|6|5
1718|16|0|9
280|6|0|6
1918|9|2|5
1914|10|5|7
1906|17|9|4
753|5|8|5
563|13|9|9
1750|18|2|4
888|18|8|7
533|10|1|8
1794|18|6|3
1768|10|4|9
913|15|8|4
1728|14|5|8
1363|14|9|1
1356|9|0|5
1688|8|1|3
1362|13|4|8
7|18|6|0
1070|2|6|8
1337|2|7|9
898|13|3|8
741|3|8|3
1363|9|6|0
774|4|6|9
1785|13|9|2
1242|12|4|7
1137|16|8|2
91|5|8|3
509|10|5|7
1423|15|8|0
786|16|5|2
1359|10|0|0
1339|18|1|6
1604|6|3|0
90|5|8|3
941|17|9|0
580|6|7|2
1116|6|7|8
164|14|3|2
607|13|7|8
1193|13|6|5
964|7|5|6
1053|13|8|6
1654|9|9|4
43|3|7|9
929|6|2|0
1611|17|6|3
1575|1|0|3
1313|7|1|5
220|8|3|8
810|12|7|2
698|4|6|1
1554|7|6|5
1469|12|4|8
902|10|6|3
676|18|8|4
1348|1|3|0
410|6|0|0
1561|1|5|6
796|18|3|0
1282|4|3|2
588|15|7|1
1553|8|3|1
294|6|3|6
1288|18|6|5
1755|6|4|7
1249|8|4|3
1675|18|2|2
539|4|5|6
1834|13|9|4
979|11|2|2
1947|10|2|8
1980|13|6|0
1666|17|7|4
1174|15|9|2
986|11|1|4
1196|2|5|1
1413|6|7|2
718|10|7|5
13|12|9|5
1|17|2|3
350|10|8|7
711|16|6|5
1414|16|4|0
1298|11|8|4
172|3|6|0
131|2|6|9
424|14|4|7
1835|14|7|1
1073|2|7|8
616|13|8|5
1362|2|6|1
497|8|1|3
530|13|8|1
113|18|3|4
1385|10|7|3
526|7|2|7
1945|15|9|5
969|12|0|8
947|12|5|7
542|16|4|5
1721|18|1|7
546|13|0|0
1685|3|8|2
744|12|8|0
1479|8|4|2
921|15|9|9
1289|4|2|9
205|10|1|4
816|18|2|8
1579|9|3|9
1645|15|7|6
909|13|5|0
1578|3|7|8
1163|12|4|1
557|12|5|2
959|14|7|8
1414|7|4|6
1353|10|0|4
1488|14|0|0
992|9|6|7
1916|14|0|1
394|2|2|5
856|15|7|6
1629|14|0|1
667|7|4|1
942|12|5|3
612|6|6|8
244|4|9|0
1218|8|3|6
1866|1|8|3
733|18|3|2
840|16|3|0
302|18|3|4
1590|4|3|7
1024|1|7|5
1996|9|8|6
438|4|3|3
1307|16|8|4
1666|3|8|2
1543|3|3|0
1317|9|5|1
1448|14|8|3
538|9|7|1
523|12|4|3
260|16|3|3
1975|6|7|9
501|16|7|7
505|4|8|0
679|5|3|9
1549|18|4|0
385|6|6|6
1810|1|2|2
1174|12|4|0
1006|5|6|3
1566|12|1|9
186|2|0|5
938|15|0|0
351|1|5|9
1045|10|2|6
665|13|1|0
51|8|0|5
1558|18|0|4
79|8|3|4
374|18|0|2
133|10|7|9
1851|17|8|4
320|17|6|5
1226|8|0|8
1226|6|9|4
1156|10|6|9
760|18|6|9
1825|2|9|4
1987|18|5|3
814|7|6|2
1450|11|8|1
952|17|0|8
1464|17|0|0
1842|16|9|0
366|8|1|2
1808|17|9|7
550|18|5|6
1695|18|0|3
855|9|6|7
535|2|3|8
110|18|9|9
1999|18|8|4
1478|6|2|7
1442|14|2|4
519|10|9|2
332|11|2|5
965|18|2|9
1684|14|0|6
565|4|9|1
1512|3|4|5
386|8|1|1
271|14|8|9
776|1|5|2
175|5|4|6
12|11|4|6
1554|14|7|2
1765|14|4|0
825|9|9|0
566|18|4|4
63|11|7|1
1770|13|8|8
1398|3|2|9
576|1|1|3
1286|16|7|6
1096|8|9|6
290|5|2|3
774|4|8|8
1417|4|3|6
245|10|6|9
1436|4|2|6
922|2|5|9
1591|18|3|7
262|4|8|5
1498|4|6|8
1354|9|8|0
1105|2|9|1
1008|1|0|6
719|1|6|1
911|3|0|4
387|6|5|2
470|4|6|0
1887|1|4|0
617|9|7|7
1215|11|1|7
1875|8|2|9
1675|6|2|4
627|11|4|8
277|4|7|6
74|17|6|9
604|2|0|8
1702|18|6|7
1220|18|2|5
1695|7|7|4
798|6|7|7
428|12|2|0
314|5|2|4
1005|8|4|1
1920|16|0|7
845|9|4|5
1803|2|4|6
1855|5|3|4
1125|10|5|3
1533|17|5|5
961|2|3|9
1012|1|7|1
1075|8|4|0
1012|14|1|4
1667|12|2|3
1310|1|1|0
898|10|6|6
438|16|0|4
1878|17|0|5
1017|18|6|3
433|9|1|4
111|2|2|9
1939|5|9|1
1091|13|7|2
180|7|5|8
853|10|4|2
228|2|4|1
618|13|7|4
258|7|7|4
1393|16|0|9
1867|5|9|9
628|8|4|1
548|17|4|0
1594|17|5|3
1033|10|2|2
1426|11|5|0
1881|13|5|1
783|8|0|2
326|3|7|9
557|17|0|1
1031|9|6|2
978|3|5|9
101|7|4|1
227|5|9|3
1616|18|3|1
929|13|3|5
1592|9|7|5
1800|12|4|3
316|8|8|8
336|11|9|3
1216|17|1|2
854|9|6|0
1395|17|8|0
1226|10|1|4
989|2|6|0
1665|3|0|3
585|4|3|8
892|1|5|9
1616|9|4|6
533|12|3|6
369|14|7|4
1538|18|2|6
48|12|7|5
30|4|6|7
1329|8|2|5
1454|5|3|2
1748|12|8|7
761|7|8|4
436|3|8|1
1282|7|4|3
134|4|3|6
1252|14|6|3
1460|6|9|0
1725|1|3|3
158|12|4|1
544|15|9|7
1919|14|9|2
109|11|4|0
1171|2|1|9
1422|18|1|5
1752|13|0|5
10|12|0|2
1744|1|9|7
394|18|1|2
1438|18|1|0
838|5|6|5
1611|9|9|6
1806|18|3|8
338|10|0|7
509|4|8|5
583|2|5|4
172|5|4|4
1952|18|2|5
1819|11|6|0
69|3|2|2
1550|13|8|2
633|6|3|2
419|6|1|6
1524|18|3|6
26|1|6|5
701|18|1|5
1112|11|3|6
11|12|1|3
1077|9|7|8
729|5|9|4
1754|10|6|8
1643|14|3|3
1868|14|1|9
244|8|5|4
384|1|3|5
1455|18|7|5
1049|9|2|9
107|12|5|1
1281|12|5|1
551|7|7|1
1157|13|4|8
1319|5|0|8
1341|18|4|4
213|2|7|8
17|8|7|5
2000|4|9|3
1717|9|5|6
467|6|6|3
1958|10|7|6
1774|7|4|6
1353|6|2|5
1296|3|5|9
915|14|6|2
754|5|9|6
726|6|5|6
250|16|9|2
68|10|1|3
1012|18|5|9
1847|2|0|5
1405|6|2|1
1681|3|3|2
362|11|6|5
1467|17|2|6
1452|4|8|7
859|5|8|6
1604|8|1|4
1831|12|0|7
1214|1|0|3
1475|17|3|9
13|3|8|1
149|4|1|2
1305|10|0|7
931|14|6|2
1082|17|9|4
943|9|1|5
1568|5|4|5
862|11|6|8
722|11|5|0
1773|3|9|0
1208|10|8|0
1957|13|0|7
784|11|1|0
870|1|8|7
62|7|0|9
1032|10|6|1
1088|1|8|8
1736|1|8|0
365|3|4|2
1058|9|8|5
283|12|3|8
1666|12|0|5
1390|8|6|2
986|10|6|7
57|9|6|4
1023|4|2|6
1833|8|5|8
948|18|3|4
270|10|2|0
1555|3|1|7
785|8|1|2
302|14|4|0
713|17|8|8
1586|3|5|4
1101|16|5|2
1516|18|9|3
574|4|3|0
1142|7|8|2
45|10|2|9
1163|9|3|4
1754|16|5|3
1702|13|1|7
1386|3|0|7
843|18|2|1
387|3|7|9
1891|12|9|7
1091|18|3|2
116|13|6|8
938|17|9|2
327|17|7|2
1116|8|6|7
941|13|8|7
1704|4|0|9
264|11|7|7
1830|8|7|2
1651|10|0|0
1082|18|4|4
655|5|5|2
1922|5|6|1
244|3|9|2
417|11|2|8
315|14|8|8
1350|5|7|7
263|18|0|1
1597|1|5|3
1452|6|4|5
915|12|1|9
438|8|4|2
1486|12|2|9
498|8|1|4
1276|13|3|4
1272|12|7|1
554|18|5|2
218|17|7|0
1745|8|0|1
1523|17|7|9
1897|14|0|9
48|2|0|0
1999|6|9|6
1750|15|7|5
801|3|9|2
1114|13|0|3
1750|10|1|5
259|18|4|8
977|5|7|7
67|3|9|7
525|2|3|4
196|16|3|1
555|7|9|0
1281|8|2|0
1443|7|7|6
1879|3|2|1
41|6|3|1
486|7|5|0
146|5|7|9
909|11|0|2
528|9|1|4
189|10|7|3
1391|13|1|3
1101|3|4|3
1878|5|8|2
355|11|3|8
480|8|7|2
1704|8|5|0
1225|18|0|3
697|12|8|0
1668|18|6|9
773|8|8|5
947|1|8|6
1345|16|8|4
112|13|3|7
849|13|4|3
707|12|4|3
199|18|4|8
92|4|1|6
1922|9|9|7
1000|16|3|5
139|6|7|1
914|4|0|4
73|8|2|0
1126|10|2|1
1868|13|7|9
1961|7|6|8
1163|3|9|7
1834|1|0|0
1318|18|5|3
178|18|5|4
446|11|0|3
143|3|0|9
1826|10|1|6
1847|6|4|8
117|13|5|6
63|14|9|3
1114|3|9|9
1923|15|0|3
964|11|2|9
1132|10|5|3
976|18|3|8
895|3|2|4
1602|16|4|6
325|11|7|3
949|17|4|9
765|6|4|6
704|10|7|8
705|15|9|0
99|18|8|0
949|17|7|9
6|18|6|7
182|3|2|2
696|6|5|7
110|1|1|2
405|10|4|8
1227|10|4|7
1292|12|8|3
659|14|2|7
74|16|3|5
1791|2|0|2
724|8|9|6
926|17|4|6
995|4|3|6
1773|7|4|7
849|14|6|4
334|9|7|5
657|2|7|1
1907|17|6|1
1149|17|7|4
43|8|9|3
379|16|2|8
1415|18|5|8
1832|18|4|8
445|2|6|4
1827|6|9|6
124|7|4|0
557|3|0|3
959|3|1|5
1483|12|0|5
1946|4|3|8
302|4|6|4
1497|15|7|9
449|2|3|7
1987|3|9|5
817|2|8|2
990|17|1|4
736|18|4|1
1954|5|4|8
953|10|6|4
1954|16|6|7
1173|9|7|0
392|9|4|6
1648|6|1|0
1558|16|0|9
780|18|2|4
627|7|3|5
1961|9|3|0
1874|14|6|5
713|8|4|2
96|4|6|6
288|8|5|7
1649|17|7|8
1914|3|2|9
1367|12|0|2
949|13|4|0
1730|4|0|2
1738|1|0|5
1503|5|9|4
1019|9|9|0
426|9|5|3
1674|16|8|7
664|15|8|9
195|13|1|8
708|7|0|8
518|11|5|6
1772|4|1|4
1847|9|3|5
1409|14|9|9
928|13|5|1
1431|8|6|7
358|9|9|6
1901|3|4|0
1738|8|2|2
379|16|0|5
864|11|4|2
1126|6|8|9
1662|6|4|5
1646|11|3|8
1851|18|4|0
1039|12|2|0
1918|9|5|1
562|13|1|3
497|17|1|0
525|11|5|0
873|14|8|8
988|2|3|5
288|8|4|3
1137|5|5|1
1116|2|9|6
1583|11|4|2
1121|13|5|3
869|6|5|4
1661|1|0|8
450|8|8|1
839|1|0|4
793|2|0|5
1432|1|6|9
1935|2|7|9
702|16|9|2
1150|3|1|6
426|10|0|3
970|3|0|7
1014|1|3|4
449|7|5|0
1399|5|0|1
43|10|8|9
950|4|2|8
651|4|6|5
26|18|3|3
968|1|2|6
460|3|9|5
16|6|6|0
260|18|3|8
973|14|6|5
868|7|8|2
776|14|9|2
1372|14|6|4
1512|2|2|3
1372|6|8|6
214|9|0|3
1302|11|9|9
848|13|0|9
214|16|4|8
967|1|2|1
280|14|8|6
885|18|4|5
1113|18|1|5
1199|17|3|0
152|2|0|6
1925|2|1|3
1645|11|3|0
1092|18|3|5
1723|9|4|9
481|10|7|4
422|18|7|8
1345|6|0|9
1322|17|1|1
486|18|6|9
1161|17|7|5
1342|16|8|5
768|12|7|1
1015|18|1|3
433|16|6|3
956|6|2|3
1297|2|9|6
1962|17|3|3
490|18|6|8
1220|18|3|0
108|4|6|9
1555|16|8|1
1463|18|5|1
1801|14|3|5
422|10|6|7
1660|5|5|0
672|10|3|8
313|7|6|6
1040|5|0|1
1583|5|2|3
1039|5|6|0
1867|7|7|7
1410|17|0|7
1002|6|1|2
283|10|2|5
280|4|4|9
471|2|8|8
1356|9|6|7
93|8|2|5
28|9|8|6
1935|15|9|3
1196|10|0|8
1780|8|1|4
266|1|0|7
1020|7|1|7
500|14|9|3
1575|13|1|1
983|6|4|2
776|7|4|2
1785|15|0|5
1317|13|1|9
693|8|4|3
136|16|3|3
722|10|9|8
690|8|1|8
1584|18|3|1
1794|2|5|1
1944|12|4|3
1081|8|6|5
1627|13|7|6
1078|2|9|6
1068|17|5|1
1981|16|9|0
1936|12|8|3
1911|3|1|5
394|5|0|5
435|7|5|4
1854|9|3|9
1715|10|6|6
660|15|9|1
217|13|7|4
83|13|0|5
1288|14|1|7
656|18|0|5
168|13|3|1
153|6|1|5
1222|14|5|9
522|1|8|9
1584|12|8|9
1715|6|1|7
1445|5|3|6
1506|18|1|9
1215|8|4|7
274|3|0|8
109|3|8|3
145|15|8|5
646|4|3|9
1054|6|5|5
1089|1|2|7
1886|10|0|6
1696|12|2|7
989|2|4|4
1680|18|5|2
1875|1|1|8
655|16|2|7
428|10|8|7
1597|14|2|7
65|12|5|2
573|2|5|8
656|4|5|2
1280|9|3|0
1478|9|9|5
721|3|3|5
1741|5|5|3
461|4|8|8
144|16|8|2
1684|4|0|9
1601|10|2|5
879|13|6|1
872|8|4|0
1523|17|3|3
1261|16|4|3
1971|18|2|0
1222|9|2|3
8|9|0|5
1439|5|8|7
1038|12|0|6
430|1|7|8
61|6|7|9
471|7|9|9
56|4|2|6
718|12|1|4
1665|16|9|7
1467|15|8|9
602|12|8|4
1256|14|9|1
420|5|0|6
90|4|9|5
1001|12|8|8
1201|4|0|2
103|18|7|9
982|4|4|5
1402|17|0|7
1012|16|8|6
1619|2|2|4
159|9|1|9
1249|14|4|2
576|8|1|7
501|13|4|0
410|18|3|6
884|10|5|7
1218|6|0|9
1944|13|1|2
296|11|7|8
328|12|9|4
473|4|7|7
171|2|6|8
1934|4|4|6
246|18|4|2
987|3|7|2
1525|16|0|9
970|9|4|8
911|15|9|2
1110|11|1|1
323|11|5|3
1669|10|6|9
1637|5|8|0
879|2|3|8
998|12|4|8
855|8|3|1
1192|14|9|3
1580|11|6|7
1684|3|8|8
910|4|1|7
209|1|9|9
1712|1|6|1
851|3|9|7
594|6|9|0
1264|11|2|9
214|4|0|7
1440|13|8|0
231|14|6|0
1375|2|2|4
665|10|3|5
1557|10|5|0
216|14|9|2
1267|14|3|5
1501|18|0|8
1219|18|6|4
196|9|3|2
326|12|1|1
216|12|3|7
282|13|2|8
793|8|1|6
1260|16|1|1
496|18|0|7
1978|18|3|5
1345|13|3|5
1397|12|2|5
1924|12|6|1
1965|16|8|6
891|5|1|3
727|2|0|9
230|12|7|4
166|18|4|7
698|17|9|9
1345|10|8|5
93|18|1|0
485|16|0|6
1678|2|8|5
956|10|2|4
483|18|2|3
350|7|4|8
1650|3|7|9
1466|10|9|1
113|17|8|4
1899|10|6|3
1137|7|5|1
668|17|1|9
164|13|0|2
1347|16|1|4
1874|8|3|1
1206|17|1|5
245|10|8|8
926|4|8|6
813|8|8|9
1481|2|1|0
87|8|5|6
1594|18|3|4
486|3|3|4
1196|6|2|8
307|6|3|9
1803|14|9|9
24|7|6|0
1671|9|6|0
1746|11|1|0
357|11|3|9
1919|17|0|7
1278|18|0|4
1830|14|6|5
1514|16|5|8
1514|10|3|5
1203|10|6|2
1007|11|7|2
1201|10|2|9
1991|6|4|1
1685|8|5|1
325|17|9|3
872|18|4|5
894|11|9|5
1753|5|0|9
883|11|4|6
1978|2|6|0
1168|18|6|9
1917|11|9|1
64|1|4|8
287|11|1|5
261|6|2|5
1235|18|7|3
1177|2|2|7
1533|11|1|1
1739|17|6|7
140|3|8|0
381|2|8|7
976|13|6|0
362|16|8|2
370|15|8|6
436|12|2|2
1256|10|1|6
276|1|4|9
1795|18|9|0
1684|2|8|2
1198|8|4|3
1223|18|1|1
426|8|7|6
373|3|9|9
1714|17|4|6
599|12|4|8
352|10|0|4
1198|17|8|5
704|4|2|8
1585|6|8|3
1470|1|1|2
1240|18|4|8
1066|6|5|3
1549|3|9|4
430|7|1|4
1918|18|7|4
1531|3|9|1
1830|18|0|8
1753|11|7|9
400|5|8|5
1890|13|4|2
1950|5|9|0
273|1|5|9
564|6|1|5
1981|16|6|6
258|10|1|0
1275|7|5|6
1706|16|8|0
117|4|0|3
1808|14|4|5
1893|18|6|2
520|4|1|0
1297|14|3|9
1521|12|2|7
1796|14|3|5
313|3|9|8
555|9|1|0
683|9|6|2
1069|4|5|1
1089|1|0|7
214|3|5|4
1823|2|6|7
1790|5|8|3
619|9|0|4
941|3|9|0
1827|5|7|9
341|4|6|6
1919|7|7|2
1287|4|9|1
1232|8|4|8
1564|1|0|9
1083|13|7|0
491|10|5|5
1945|17|7|8
348|7|5|7
1120|9|2|8
802|4|5|1
349|12|0|0
1871|9|5|9
509|18|6|2
829|14|2|7
829|9|0|6
1259|16|2|2
1502|14|0|3
229|17|4|7
1923|18|0|8
1365|13|2|1
1995|18|0|1
1549|14|3|5
492|5|8|3
1115|11|2|4
308|10|3|2
540|2|8|6
1956|7|0|1
159|15|7|5
1315|9|6|0
79|17|5|3
846|12|1|7
1556|14|2|4
902|11|8|9
1518|16|7|8
52|2|6|5
1156|5|0|8
513|16|3|4
1339|2|2|4
1880|9|1|9
430|1|2|0
1238|18|5|3
1254|2|1|1
118|9|4|9
1633|1|7|7
1343|5|8|9
1808|16|0|4
1704|1|3|8
114|1|2|5
449|7|0|5
1010|12|1|8
1293|12|6|9
1712|8|9|6
1997|1|7|8
156|14|4|4
1560|7|0|9
1478|11|7|4
720|9|0|1
1606|18|3|8
969|7|8|3
1813|13|1|1
581|5|5|6
1406|17|6|4
244|16|3|6
1411|1|5|7
301|15|7|4
1937|7|2|2
317|13|6|0
473|1|7|9
140|4|4|0
547|16|6|9
1393|12|6|8
1030|12|0|3
1879|1|9|1
58|14|4|0
775|18|4|7
793|2|9|2
536|12|5|5
16|17|6|3
1669|3|8|4
836|10|0|4
1710|4|6|4
1171|10|1|9
586|17|6|4
1707|18|2|2
1398|5|2|9
832|12|6|2
857|3|8|3
1001|5|1|8
934|17|7|1
1196|18|9|9
935|10|1|7
663|12|2|1
1315|12|8|8
249|8|1|8
38|5|5|5
267|3|3|8
386|15|8|6
525|13|4|6
647|7|0|5
200|12|5|6
1953|18|9|1
735|8|4|5
1262|16|7|8
511|11|1|2
922|8|7|3
1581|11|5|1
1787|7|9|2
1761|18|3|6
259|5|4|6
328|7|9|1
1047|15|8|2
874|2|9|7
1428|3|3|6
1642|16|2|1
1823|18|4|3
735|5|2|0
413|5|9|0
755|11|1|5
1766|6|3|6
405|6|2|5
1487|9|1|7
1407|11|8|2
794|17|5|6
965|1|3|6
595|7|7|1
315|10|5|9
1965|11|5|2
993|10|9|6
1734|8|8|8
1591|14|2|4
487|4|7|0
743|16|3|3
921|2|4|4
244|10|7|3
1412|8|2|7
1287|5|2|5
1107|14|2|1
1031|14|7|6
907|10|7|7
1992|18|4|5
1294|17|0|3
1027|18|7|9
93|3|0|9
774|5|0|2
344|9|9|7
244|6|1|7
1600|9|4|4
907|16|0|4
1691|5|2|6
1907|12|3|2
61|6|5|9
1126|18|1|2
564|6|1|2
1498|16|0|8
1241|18|5|6
203|11|4|3
1829|16|0|6
958|1|5|8
427|9|6|5
740|9|4|7
1080|9|0|9
218|15|9|1
1507|14|9|5
473|8|5|0
642|11|4|8
1701|11|1|4
1634|8|0|5
1583|5|8|9
1131|18|5|7
946|7|7|5
180|7|9|0
387|18|1|6
1143|16|8|2
1588|10|6|3
671|4|8|3
1999|9|6|6
421|13|8|1
1132|11|7|6
859|14|9|5
134|9|8|8
26|7|3|0
180|15|7|9
420|11|7|9
974|5|7|6
1127|17|8|0
549|18|2|5
1805|10|6|9
529|10|3|9
1860|12|8|3
386|9|8|4
132|7|8|3
1031|10|1|8
1120|11|9|5
893|11|7|1
222|18|3|2
1698|14|9|3
1728|18|3|7
766|3|3|5
399|9|0|6
1010|16|1|9
301|2|3|4
1370|16|9|8
1609|1|1|1
511|7|4|6
1839|5|7|7
1787|13|1|9
1119|1|5|3
278|6|0|7
1353|18|1|1
1771|2|8|1
236|14|2|9
492|6|4|0
509|14|8|0
100|17|9|7
1228|16|6|4
1639|10|1|0
637|4|9|9
750|10|8|3
1563|17|4|6
609|2|8|5
1554|18|2|6
813|1|2|6
122|13|1|5
62|11|4|0
261|4|8|2
698|7|7|6
81|15|7|8
1310|11|9|9
601|7|6|9
154|7|3|6
1803|11|7|7
529|8|8|9
445|2|1|2
1099|17|6|0
870|3|2|0
279|8|0|4
1795|14|6|8
91|8|1|1
1994|2|3|2
1742|8|6|2
380|10|3|1
485|11|9|5
418|17|9|0
816|4|0|6
777|12|1|5
1036|1|4|8
1940|6|1|0
646|11|4|9
702|13|6|0
1945|7|5|9
1466|12|6|0
1462|14|3|0
1546|13|0|4
526|18|1|2
93|1|7|5
28|17|6|3
1406|10|5|5
872|3|9|2
267|14|5|5
231|8|6|2
999|11|4|3
1768|18|4|7
971|8|2|4
938|8|4|4
1845|9|0|1
1688|3|4|0
1807|1|4|9
238|9|3|5
1291|3|0|8
1911|18|8|9
1222|11|8|6
491|10|2|6
845|9|0|1
1370|9|3|2
1373|9|0|5
1402|8|3|4
1682|6|0|0
330|6|9|5
1571|8|0|0
340|11|8|2
1265|18|0|4
1124|9|2|2
1449|15|7|8
861|17|9|8
843|5|1|6
210|1|6|5
560|10|7|3
56|13|4|2
176|8|7|0
71|10|4|1
1340|7|9|0
1544|15|9|2
1334|7|0|3
362|4|9|5
1461|17|8|7
1874|17|6|3
613|10|2|9
212|9|9|5
909|17|6|1
1740|10|6|4
13|11|3|0
1100|11|4|0
386|2|6|3
1450|18|7|3
1139|10|2|8
1121|16|2|4
454|5|5|2
732|3|3|1
476|17|9|1
1278|2|7|5
1137|11|6|1
1951|8|6|0
706|7|3|2
120|10|5|2
1008|14|9|0
286|15|8|2
340|17|9|4
1692|5|8|9
1469|12|6|1
1050|9|8|1
1525|14|0|3
570|7|3|4
1287|8|7|3
990|7|0|4
466|12|2|1
1907|15|7|6
322|18|5|3
1691|12|6|1
61|15|8|5
1865|4|4|3
947|2|0|5
376|8|0|6
1541|17|0|1
1589|9|1|7
672|14|0|9
168|12|1|1
1476|17|1|3
1836|18|4|5
1773|10|3|9
1445|5|0|6
879|5|3|7
1683|12|4|4
1965|6|7|9
907|2|9|8
651|2|9|1
812|6|5|5
324|18|4|0
1075|18|3|8
1691|1|5|0
198|11|7|6
1693|14|6|2
1480|11|9|6
876|17|8|2
930|11|2|4
192|3|3|8
880|18|5|8
920|4|2|2
470|11|6|8
1249|8|5|6
541|15|7|1
242|6|1|3
1804|8|8|8
1130|2|8|7
939|3|5|8
237|2|1|7
1019|13|5|5
833|11|6|0
1505|8|4|9
430|10|9|7
998|6|4|3
1046|9|2|2
1377|10|5|7
799|1|8|9
163|14|2|5
1031|18|0|6
1024|5|2|0
198|17|6|0
383|7|3|5
1446|9|8|5
974|8|0|8
33|17|2|2
1828|3|6|8
1141|16|9|6
512|10|4|0
1961|16|8|5
1584|6|3|2
1441|6|1|3
1006|4|9|1
735|4|5|4
1117|10|4|1
392|17|5|5
476|6|1|1
460|9|9|1
236|6|3|1
220|14|7|8
157|6|5|6
1519|12|3|1
215|6|2|5
223|9|7|2
1514|4|8|5
440|13|8|4
554|17|1|5
1890|6|4|2
565|14|7|1
1347|3|6|1
1566|13|1|5
975|16|8|9
624|3|8|7
1438|2|9|0
1493|13|8|4
539|18|6|2
745|1|0|4
961|4|0|1
887|18|3|5
1077|5|8|2
1155|2|1|4
56|15|9|6
506|8|5|2
1369|9|3|1
1112|10|9|3
1586|6|2|9
1626|8|5|3
411|12|7|5
1890|14|1|9
121|5|7|1
809|6|2|4
1481|11|8|7
1108|4|6|6
1291|13|8|9
1742|14|9|1
988|7|8|2
1295|7|7|0
1146|8|7|4
846|1|0|3
489|9|8|1
304|3|7|1
546|13|5|6
1748|3|8|9
373|5|9|8
421|7|3|1
1864|4|5|3
1792|5|5|0
1318|5|7|8
156|8|3|7
348|10|0|3
945|1|7|5
256|4|1|2
1852|1|4|0
427|2|3|1
900|16|0|5
1647|17|2|5
434|17|0|3
1267|8|3|8
1310|3|3|7
163|5|6|6
786|1|1|5
1784|9|4|8
129|8|2|8
23|1|8|9
1932|17|6|5
1775|4|6|4
1295|3|5|5
1466|7|5|2
586|9|6|9
817|10|5|2
1959|11|9|6
824|11|0|6
973|17|9|7
1555|12|8|1
1057|8|6|6
689|8|7|8
1220|5|8|3
739|12|9|7
1771|10|9|9
1108|4|9|1
547|11|3|7
1792|3|0|7
599|12|2|0
1896|3|4|0
747|11|9|5
1760|18|2|1
991|4|0|2
706|12|3|1
292|14|2|7
1457|9|6|7
1280|1|9|3
616|12|0|6
1403|10|5|3
1406|6|3|8
852|9|9|2
1036|18|5|8
1569|18|1|5
486|12|7|4
184|1|8|8
1617|16|9|0
1751|14|9|4
1412|6|9|6
1533|1|5|5
1081|3|4|8
40|8|5|3
1923|12|9|4
257|12|7|3
1016|16|5|0
496|16|9|6
376|7|3|4
1121|18|8|9
1676|18|8|0
1982|12|4|1
294|14|6|5
925|18|5|8
1539|12|2|6
1461|2|4|3
798|7|5|3
1844|13|9|9
517|18|6|1
1183|18|3|0
1713|3|0|1
1725|18|1|2
1871|3|8|4
869|16|7|4
496|3|1|8
441|11|7|7
74|12|0|0
1694|11|0|8
607|5|0|3
260|11|6|5
934|13|3|1
1834|3|1|9
780|16|4|6
1479|17|0|0
390|3|0|9
1425|13|7|7
758|8|8|2
1267|13|6|7
1124|3|3|9
102|10|7|6
755|17|4|7
416|17|3|3
1774|5|3|7
706|10|6|9
1990|16|4|1
298|5|3|1
191|1|2|2
471|11|3|4
943|7|6|6
513|2|6|0
1006|5|6|3
711|2|9|9
399|5|0|6
649|18|6|8
1839|6|9|6
672|14|2|6
757|7|6|1
1540|13|0|8
1531|8|6|5
1031|18|6|2
618|18|3|7
1791|2|5|0
824|11|1|9
1020|8|0|9
788|3|5|8
1864|18|5|8
1610|11|6|2
895|8|4|3
1631|3|1|4
1103|16|2|2
789|12|1|1
1623|8|5|6
1369|5|3|9
127|8|8|2
976|2|2|8
216|12|5|7
209|18|9|6
17|11|2|8
1016|11|4|0
1893|7|9|7
1105|6|0|4
775|3|0|8
1976|11|0|4
916|6|6|4
754|13|5|7
1331|16|2|9
1118|7|8|1
1117|12|6|5
1928|10|5|9
1970|18|2|6
185|5|3|4
1172|16|2|4
737|17|3|4
1816|14|8|2
1052|4|8|8
249|16|2|0
1859|10|6|4
607|10|4|8
1351|6|2|3
1889|8|0|2
4|7|7|0
955|4|9|7
63|10|8|9
962|7|2|2
1604|12|3|9
1068|2|7|0
1939|12|3|3
1940|14|0|2
723|4|1|5
1654|4|5|4
1131|6|1|0
1585|14|6|4
1814|9|0|7
1728|16|0|6
733|6|5|8
462|7|7|2
352|11|6|8
1295|14|8|5
839|8|2|3
1900|10|8|7
717|2|6|1
129|9|1|1
738|7|0|5
732|14|0|8
1119|11|3|9
41|16|9|7
1586|15|9|1
1470|3|7|4
720|9|9|3
378|14|3|1
1052|11|4|3
1921|3|9|7
1361|6|7|4
1388|16|6|5
1861|9|3|1
483|11|2|9
284|18|8|5
1455|2|1|2
432|10|9|2
758|17|0|7
519|2|0|0
244|14|0|7
201|11|3|1
782|18|9|5
1072|10|7|1
1909|1|8|6
64|16|0|1
60|5|8|8
854|16|0|7
1404|10|0|2
371|12|5|0
1523|1|4|6
433|5|9|6
1340|2|7|7
729|5|1|0
1338|4|6|9
846|4|1|5
1766|13|9|0
1257|12|3|6
1648|17|8|0
1223|7|1|7
597|12|8|4
1944|12|9|0
1002|3|6|2
251|10|7|8
376|16|6|6
153|7|8|5
636|18|8|8
576|13|4|1
94|7|8|8
1548|2|3|7
1292|4|2|2
671|9|8|7
1588|16|1|6
1108|11|6|8
60|16|1|6
1261|9|4|6
1614|16|6|5
598|2|5|9
408|7|6|6
744|4|2|0
1353|10|8|6
1960|13|7|4
98|7|7|5
902|6|6|3
696|11|8|2
1614|3|4|0
523|11|4|8
1434|2|3|5
1982|1|6|4
921|6|2|1
634|4|4|4
1628|9|0|9
523|9|0|9
1033|15|0|5
1105|3|3|5
1492|11|7|9
594|5|2|9
1566|10|4|7
599|18|5|0
1474|17|0|9
1481|6|0|2
1657|13|4|5
671|18|6|2
1778|1|5|0
1661|8|6|4
1804|1|9|9
9|5|4|3
948|14|8|2
1764|3|5|5
1150|3|7|9
1314|10|2|9
1990|17|9|1
255|4|1|2
410|13|4|5
1668|10|6|5
48|11|9|6
707|16|8|7
1866|2|2|8
529|6|5|7
1514|16|9|5
409|15|9|1
1208|3|6|5
809|11|8|4
1759|17|0|6
762|4|8|0
57|15|0|7
1948|18|4|4
1250|6|9|8
1310|6|1|0
1681|6|8|1
822|8|6|8
99|17|9|4
834|7|3|7
603|3|2|7
611|14|1|8
1420|10|6|4
1840|17|1|8
927|17|6|9
711|8|7|4
1445|6|4|4
1230|13|8|3
185|17|8|5
1598|1|2|2
1309|15|9|7
980|12|1|1
88|7|6|4
430|15|0|1
775|15|0|5
693|2|2|4
1113|3|0|5
1337|14|4|6
1045|6|1|5
812|13|7|2
786|4|5|6
1310|8|3|8
959|15|9|4
68|9|9|6
317|5|3|2
451|5|5|0
1370|14|4|0
1438|9|4|8
1540|10|6|1
1344|1|9|5
1809|16|0|4
1396|8|9|1
685|1|1|0
1954|14|5|0
446|2|7|0
645|16|9|9
1159|3|3|0
945|17|1|5
430|13|5|0
190|9|5|4
983|11|1|8
1467|18|8|0
257|8|4|1
1271|7|8|3
1575|6|0|1
19|6|4|7
188|14|1|1
1574|4|7|5
1553|17|0|8
652|3|9|2
515|1|2|3
1497|8|9|1
326|7|7|5
1282|10|5|4
500|7|4|4
340|4|9|1
1213|8|2|3
1189|9|0|9
111|1|2|5
767|18|3|7
1319|5|0|9
1597|17|8|7
1249|12|4|5
3|15|0|6
1599|17|0|6
937|18|9|2
1400|5|8|1
1453|1|0|5
661|13|2|3
487|12|4|1
560|9|1|2
1264|12|8|4
51|4|5|3
450|12|4|7
863|18|4|6
425|16|7|9
492|3|0|0
799|8|4|6
1525|11|2|8
530|6|0|1
1472|3|5|5
422|10|2|3
1217|9|6|3
390|17|8|8
1018|14|3|5
1509|15|0|8
533|2|8|1
567|18|4|1
1929|2|1|9
994|1|4|2
1613|5|7|2
1446|17|0|2
699|3|2|8
42|4|4|3
378|6|3|5
1007|3|0|3
1440|16|0|1
898|18|1|5
1609|14|9|7
926|4|7|0
1030|18|7|6
239|3|6|2
1285|16|1|7
1806|6|6|0
357|9|5|3
9|18|4|9
944|1|3|5
6|1|2|3
87|2|1|0
515|1|7|0
1716|10|2|0
474|9|6|0
1290|10|9|0
340|4|9|8
1126|17|4|1
1410|8|4|5
585|5|5|4
1701|8|6|1
1011|13|7|8
1189|18|4|2
1998|10|3|1
1395|11|7|0
1783|12|4|0
407|13|3|3
443|18|5|7
1611|11|3|0
1882|16|1|8
1358|7|3|0
1487|4|7|1
1824|9|9|1
1103|12|5|5
1443|8|8|7
845|9|8|4
473|13|3|2
1296|7|1|0
282|2|8|0
951|5|4|2
1258|9|2|6
774|4|8|0
473|18|9|6
794|2|9|8
1979|3|3|6
1897|9|8|9
1563|5|4|3
1772|7|8|3
1914|17|6|9
652|6|6|7
1510|11|0|4
789|12|2|1
1029|5|4|4
56|6|0|2
1707|2|5|2
725|9|6|3
4|3|1|2
707|10|5|1
609|5|2|3
1951|4|5|2
685|7|2|3
133|9|9|5
428|12|6|0
1430|1|2|0
691|16|2|9
272|8|8|7
1808|9|1|9
1503|16|9|5
1747|14|4|5
306|5|7|0
126|12|2|3
1774|8|4|7
271|2|7|4
1776|16|5|5
66|4|7|8
526|1|2|7
384|1|2|9
881|8|1|1
355|8|6|8
326|6|7|9
469|17|8|5
1477|1|7|3
224|1|8|8
63|7|8|5
549|15|8|7
341|6|6|9
428|17|7|0
1018|17|3|8
1775|10|3|2
1424|6|3|0
1500|18|6|5
709|7|6|2
784|1|8|2
1275|12|4|5
1389|16|7|2
33|2|4|1
1713|9|0|3
1868|8|4|1
1292|2|5|8
1251|2|9|2
457|2|5|6
1359|11|6|8
662|11|7|8
201|11|4|4
203|4|6|0
793|13|2|0
1638|10|3|2
171|3|5|1
1619|6|1|3
273|16|0|5
1359|2|8|2
1772|5|6|5
1157|8|2|1
855|2|3|3
1582|9|6|5
1790|4|4|9
1967|11|6|5
200|2|0|3
1261|14|6|9
419|4|1|3
179|8|8|0
1364|7|0|4
160|18|9|7
1291|14|3|5
395|7|4|0
1918|12|2|2
357|5|4|0
1079|10|5|3
1496|18|4|7
1325|18|5|0
1649|12|3|1
1671|17|7|6
1306|3|5|9
1693|4|1|9
1083|17|1|7
663|5|7|0
1185|11|3|9
1498|18|9|6
1457|18|2|3
1152|6|2|4
469|2|2|7
1182|11|9|1
1194|17|0|3
1556|13|3|5
397|16|8|8
1609|5|7|1
1870|17|8|9
1390|10|5|4
744|6|3|4
89|4|6|9
1335|18|2|0
1528|11|9|0
935|15|7|1
1702|16|3|0
1437|9|7|8
415|10|9|5
1964|2|5|1
11|7|3|2
1666|3|8|3
1476|4|5|1
1516|10|6|2
632|6|6|2
334|4|8|9
596|3|4|6
624|1|2|2
320|18|8|7
1015|10|1|8
413|14|3|4
560|13|3|6
290|9|6|4
1462|17|1|4
1409|2|2|7
579|6|2|6
982|11|7|6
1829|6|0|0
861|10|0|6
1557|2|0|9
406|18|3|2
1453|6|7|1
1854|18|7|6
1348|15|8|3
1627|5|0|7
758|7|0|8
419|10|1|1
438|5|1|4
515|11|6|6
734|3|2|9
438|3|2|7
153|7|5|7
1133|10|9|9
968|10|5|5
1463|7|9|4
1125|15|8|5
565|9|3|9
1687|11|3|0
694|11|8|9
1298|13|0|4
1601|13|6|2
889|11|4|6
276|8|3|5
1028|16|9|7
367|4|9|9
1065|9|3|4
1327|16|7|4
1960|14|5|0
1142|16|9|5
1538|7|5|7
410|11|5|2
1481|7|2|0
600|2|8|7
52|17|6|0
959|18|2|1
1752|9|4|8
608|12|6|9
262|9|4|1
668|3|0|8
1552|3|6|7
491|4|7|2
1312|7|4|1
749|8|6|5
1185|3|1|9
1804|14|5|0
1928|7|1|4
1111|6|8|5
792|18|2|0
1121|2|6|4
1529|16|9|4
1815|8|5|0
278|7|8|7
829|5|2|2
210|4|0|1
155|3|1|4
839|11|7|5
1017|3|3|6
273|5|9|4
175|1|0|1
1101|1|4|8
1906|2|1|8
402|5|4|9
1494|3|5|3
382|4|3|9
1689|12|4|0
1812|1|1|6
1180|16|9|7
966|3|8|2
381|5|9|5
797|3|5|0
419|14|2|7
449|2|1|7
914|12|2|3
247|18|2|7
1915|17|2|1
1022|1|8|8
1861|10|6|9
177|4|3|2
1953|13|5|0
884|5|6|6
1785|17|4|2
164|11|7|3
219|18|5|0
405|12|5|5
12|1|1|6
1020|18|7|8
1719|18|9|0
1601|4|8|0
1861|4|0|2
1803|13|1|8
1375|10|6|3
596|7|4|4
409|17|2|4
1416|12|5|2
1017|8|8|4
547|1|8|5
1971|16|8|5
1171|2|4|7
932|18|2|8
716|17|7|0
1316|13|5|1
877|3|9|0
1492|6|7|2
532|9|0|2
160|13|8|6
134|17|0|8
1327|18|5|8
755|14|0|4
169|7|0|2
1944|13|5|4
1024|3|7|3
1459|18|3|9
909|9|1|3
144|3|8|6
1633|9|1|9
1594|11|3|8
568|10|1|1
184|15|8|0
209|14|6|8
196|2|9|3
1301|18|8|0
1107|1|6|9
767|18|3|7
421|13|8|9
1292|6|2|5
1618|7|4|6
1904|3|0|9
841|7|0|4
728|6|9|1
1052|18|8|8
539|2|1|3
423|15|0|5
514|5|9|6
225|1|7|0
839|14|1|0
128|4|5|0
193|14|7|6
202|15|8|3
1024|9|3|4
1362|15|7|6
579|11|0|1
815|14|3|7
1127|8|2|1
1503|18|5|2
949|8|5|0
1955|4|8|0
1395|5|9|9
1526|13|5|3
883|10|7|7
462|1|9|9
1133|16|0|2
1149|14|9|6
880|10|7|0
326|6|2|3
656|2|2|6
699|11|1|0
250|11|2|3
1090|6|4|9
1129|9|6|3
1183|7|4|8
318|6|5|3
1585|12|2|1
1832|17|7|2
1674|9|3|8
169|3|8|9
824|2|7|1
821|7|3|6
1922|2|2|4
636|11|8|1
1675|2|7|4
1365|1|3|1
78|7|0|7
1534|8|9|4
1042|1|1|8
1728|6|3|3
1787|17|5|5
1812|18|8|8
1856|14|1|6
1866|15|0|4
268|17|9|3
1005|9|0|5
1749|13|7|1
1034|5|8|2
686|15|7|8
1697|10|0|5
193|14|5|2
64|15|9|9
1507|6|0|5
1071|18|6|3
1998|12|3|0
96|6|2|0
1419|3|5|9
1825|13|9|6
1972|18|8|5
808|11|4|8
1915|16|1|3
653|6|0|5
121|1|5|8
1722|14|6|3
1348|4|0|1
389|2|3|2
1470|5|2|8
75|14|1|6
1528|7|1|4
210|6|5|2
672|8|6|1
544|2|4|3
2000|8|4|8
820|8|1|4
1332|10|1|2
121|16|7|9
509|11|8|1
1730|12|7|8
149|9|9|1
791|7|8|1
1062|14|6|4
1777|7|0|5
492|16|6|3
1282|13|7|7
1818|17|0|2
630|3|7|5
497|8|7|0
1005|3|3|4
647|9|0|3
1936|11|3|0
478|6|1|5
530|11|5|2
1414|2|9|4
938|11|1|1
914|14|0|6
889|13|3|3
1352|15|0|9
1467|18|2|9
1989|7|1|8
1435|4|6|6
1656|6|6|2
1214|9|1|3
3|1|6|8
87|2|6|6
1021|4|0|2
420|7|7|7
537|11|1|9
483|9|2|1
1483|17|7|1
1355|10|3|2
1926|9|5|9
1186|3|7|6
366|4|8|4
185|1|6|3
380|18|7|1
1587|13|2|9
176|8|0|0
338|18|2|6
13|18|9|6
16|18|3|9
1252|3|7|3
578|13|4|9
636|8|3|9
301|11|9|2
1463|8|8|7
1541|14|4|0
1751|7|4|4
1752|6|0|6
40|5|1|2
723|7|1|8
90|10|2|8
955|11|3|4
1548|9|8|5
1025|2|9|5
1938|10|9|8
464|1|3|0
917|4|1|6
870|16|7|5
559|12|5|6
415|11|4|9
1454|7|3|5
1352|13|1|1
1623|7|6|4
1609|12|8|1
179|2|3|7
1757|5|9|2
379|11|5|8
8|16|4|5
1949|7|9|3
634|13|0|3
1602|5|4|5
1900|8|8|2
512|13|1|2
1298|15|9|8
61|14|3|7
543|1|6|2
772|16|4|7
1571|15|0|8
1463|17|8|4
1352|3|6|6
451|4|6|8
764|18|9|4
1936|13|2|4
1259|4|0|7
1015|4|8|2
741|5|9|2
817|9|2|6
1746|4|9|6
786|8|6|4
328|18|6|2
688|7|2|0
443|7|8|6
901|5|2|9
1785|1|0|1
1076|7|1|6
396|18|2|2
689|2|0|3
1227|14|9|4
313|16|8|6
277|7|8|3
421|9|2|9
1212|8|0|0
613|3|1|6
581|1|9|4
252|3|4|1
305|1|5|5
466|14|4|6
1313|14|0|0
1289|14|2|1
36|13|1|3
320|18|3|0
1732|5|9|9
349|9|1|9
1585|17|8|2
1315|12|5|5
955|9|4|4
1901|1|5|7
1504|11|9|6
839|10|1|6
1851|4|4|7
1974|6|3|4
121|7|1|6
448|5|4|9
978|15|0|5
1722|4|5|1
256|17|3|4
1900|1|7|4
637|16|9|4
370|17|1|1
1410|10|8|2
1313|4|8|4
937|16|8|2
966|1|3|8
1878|7|9|7
1046|11|8|3
1150|17|6|1
709|18|1|2
1444|8|6|5
1867|4|7|5
316|18|1|2
1701|8|9|9
652|18|6|9
986|13|2|6
402|2|5|7
1590|5|1|0
129|3|8|1
360|10|2|4
59|3|6|4
117|4|0|0
1464|14|9|9
362|7|4|8
1060|1|8|3
1161|11|1|6
286|3|4|8
1183|13|6|4
1942|5|3|0
1801|1|8|0
1039|6|4|5
719|10|1|0
243|16|5|3
1355|12|9|1
702|3|5|6
1619|12|1|5
752|10|5|4
477|13|7|4
1408|1|0|3
153|3|5|6
397|4|8|7
1872|9|3|3
669|15|0|7
53|8|8|2
1137|5|3|5
1602|7|3|4
1549|6|7|8
1338|11|2|1
1582|16|2|8
1485|12|0|8
1315|3|4|2
233|9|0|1
1798|16|3|8
774|12|7|3
1862|5|0|0
1748|11|9|2
659|18|4|7
1987|2|4|9
18|13|8|9
149|12|5|0
1793|10|8|7
1806|15|7|4
902|7|4|6
1659|14|3|7
1573|11|2|8
638|16|6|8
1602|5|8|5
384|14|8|2
1862|16|2|2
1689|6|3|8
1627|11|7|0
1790|16|8|4
93|7|5|1
1418|3|7|2
686|10|4|7
58|3|8|1
1925|10|6|7
391|4|9|8
1765|5|8|0
198|13|3|2
1753|16|2|2
182|8|1|4
1697|12|7|8
1688|6|1|3
581|5|6|4
1021|4|5|5
1690|18|4|1
236|10|3|5
971|12|3|6
944|18|5|0
727|14|5|8
247|8|5|7
547|18|6|0
1649|3|4|2
127|12|7|2
618|7|3|0
873|12|0|4
161|4|3|9
1481|12|5|7
174|14|2|4
476|13|0|5
439|3|5|5
1250|5|1|1
886|17|1|7
149|2|2|7
544|2|3|6
355|8|8|6
1114|18|8|5
747|3|0|6
337|3|3|5
422|3|6|9
886|17|6|4
1289|18|6|6
1489|7|9|0
1319|1|3|7
86|8|6|2
1739|4|8|5
1480|14|7|3
1289|3|5|2
148|2|5|3
438|13|7|0
680|11|1|7
21|16|2|0
111|5|1|3
391|13|9|1
760|8|0|5
1966|3|9|1
181|2|3|2
536|7|2|3
760|3|4|0
516|13|2|7
889|4|9|5
507|11|5|4
1976|1|4|0
238|16|6|0
1354|4|8|2
1993|14|8|2
500|3|5|0
743|11|1|7
852|15|8|8
1558|9|7|5
541|10|9|9
700|18|4|6
203|2|4|1
710|1|7|4
1345|3|4|7
607|6|3|7
818|3|1|0
1716|4|4|9
1003|11|7|5
102|5|1|2
1447|5|0|5
825|5|9|8
1751|10|1|9
324|3|6|5
1023|10|0|8
911|16|4|9
1768|9|2|6
1822|18|7|6
1961|12|6|6
1926|17|7|0
1525|14|8|8
1358|2|2|2
40|11|6|5
329|10|1|3
1123|7|2|0
388|17|7|3
955|14|6|6
274|16|9|1
1279|16|2|2
670|12|3|9
1884|3|3|7
1030|10|6|3
1683|11|3|8
1633|13|9|4
1159|13|4|2
909|16|5|8
853|1|1|3
1132|12|2|1
1891|9|9|5
1906|10|7|7
1381|5|8|1
354|14|6|4
917|2|6|9
1194|18|2|4
1902|1|8|9
269|7|6|7
568|6|7|5
585|9|1|6
413|4|5|9
13|3|0|2
1583|11|1|3
1461|17|9|6
1189|10|2|7
700|13|7|9
465|18|2|3
693|1|8|6
1056|7|7|5
1822|1|4|7
1385|18|5|3
1944|1|6|1
1174|17|3|0
1719|14|8|9
1564|5|8|6
1381|18|0|1
1492|9|7|7
174|13|3|4
1730|7|6|4
1196|7|4|0
1887|16|0|7
529|13|8|2
1863|16|7|6
498|1|7|4
14|1|5|4
371|13|3|4
48|2|4|4
1506|18|5|0
146|1|6|5
375|8|2|9
709|13|6|8
1390|12|1|9
1275|6|1|2
856|13|9|7
1862|1|0|3
958|3|7|4
1996|4|2|1
349|1|6|6
852|11|6|7
1260|11|1|1
1067|11|7|2
893|5|2|7
816|3|2|1
236|13|8|6
1261|8|7|7
1153|16|9|9
749|10|8|2
2|6|4|4
711|13|6|3
33|15|9|2
855|7|9|8
1733|7|6|4
1398|9|6|5
433|6|0|1
144|8|0|3
1291|18|9|2
870|10|4|0
1575|10|8|1
1281|10|3|3
1025|3|2|9
114|18|0|1
1581|6|1|1
1018|10|5|3
735|8|0|7
438|12|5|8
1043|16|0|7
550|4|2|8
615|7|6|9
1458|18|6|7
377|2|8|4
919|2|7|2
1056|6|9|4
887|7|2|1
6|5|8|9
67|7|6|5
17|10|6|4
280|11|2|4
1672|8|9|0
1712|6|4|5
23|3|6|2
540|14|3|0
1799|2|2|3
381|1|9|3
1689|5|8|4
30|10|8|9
68|12|6|8
722|16|6|2
1658|4|0|7
621|1|3|6
1602|18|5|0
989|7|8|7
1388|16|6|0
310|9|8|9
838|13|9|1
295|7|6|4
1779|7|4|3
1773|7|8|9
1253|17|3|7
388|18|9|9
1298|10|0|8
363|18|9|0
303|5|8|5
1102|9|6|9
1417|8|8|6
1260|5|6|7
1708|11|4|4
1830|13|6|9
69|6|6|7
1455|12|4|9
1695|16|6|4
692|5|1|3
431|3|6|7
425|7|2|1
635|14|4|2
686|3|3|9
1613|13|8|6
1737|14|7|7
1550|8|5|7
700|3|4|7
1395|17|6|4
1746|12|6|9
1932|5|3|3
1996|18|4|1
568|5|7|3
324|14|4|0
881|8|8|7
1290|4|2|5
1206|5|3|6
1586|18|6|4
1304|9|0|9
1347|12|6|2
1218|14|6|3
49|6|9|9
1514|11|3|2
882|2|2|6
1307|12|9|9
173|2|4|9
307|16|9|5
1051|17|3|0
1951|16|4|8
355|16|3|4
1089|12|2|7
208|12|5|4
852|13|4|0
714|7|5|0
1303|14|4|1
244|11|9|6
1795|16|1|0
1494|9|9|2
1482|2|3|4
1160|16|1|1
108|5|7|4
635|17|8|5
572|3|0|7
676|18|0|1
81|8|9|7
823|17|9|9
1625|18|6|7
1307|15|9|1
1749|7|4|8
395|16|5|4
872|16|7|7
900|4|8|6
1637|16|1|2
1793|9|1|2
241|14|8|2
1016|12|0|1
456|14|6|5
1002|3|9|6
387|5|1|3
63|18|0|7
633|6|2|9
277|8|7|9
616|12|2|2
1104|16|7|9
480|6|9|4
1721|14|0|4
92|14|6|5
937|3|5|7
579|7|1|8
626|14|7|3
1919|4|6|2
282|4|5|8
1275|8|0|7
1869|13|8|5
861|5|1|9
1577|18|8|0
22|4|7|2
421|14|2|3
389|5|2|4
650|5|7|2
1920|9|7|9
1542|12|5|6
1487|2|9|4
1377|18|3|9
166|7|4|1
99|1|9|3
951|6|0|7
1121|10|7|7
460|11|8|1
669|3|2|0
1670|9|3|6
853|4|4|2
1233|18|8|5
660|3|8|8
1485|3|7|9
1312|7|8|9
1274|18|2|6
547|5|3|1
181|13|7|4
934|16|5|5
1693|14|3|1
1565|12|4|0
1749|11|1|4
1469|13|8|2
1504|6|2|4
1161|14|1|1
1467|4|8|1
1204|4|0|6
427|12|4|9
1730|1|3|6
283|6|2|8
356|2|7|4
657|2|0|5
1772|18|4|6
66|3|9|0
1638|6|8|6
1071|8|6|1
1957|1|5|0
1645|4|3|7
1012|2|4|1
1031|2|3|9
974|10|3|7
16|7|5|7
55|17|0|9
371|11|6|0
268|1|2|7
1301|10|3|8
1011|11|6|8
187|6|2|2
1035|3|7|0
214|13|7|9
914|6|5|2
1371|7|6|7
148|3|4|1
1072|13|0|8
399|4|6|3
425|13|5|9
709|17|0|3
1061|10|4|3
1382|18|5|2
805|7|3|7
1202|4|0|5
926|13|5|4
1384|6|7|2
785|14|0|5
1171|8|0|7
1630|18|9|0
954|18|7|5
354|5|0|9
460|13|1|6
70|2|7|7
845|3|1|6
727|18|3|0
370|1|0|6
94|5|9|3
1208|7|4|4
1834|12|4|9
92|8|7|6
190|7|0|0
1450|17|8|8
673|1|5|5
875|5|1|3
1274|11|0|6
1879|3|8|5
526|5|7|8
938|17|5|7
58|12|8|2
1194|11|8|9
1267|6|0|1
379|2|5|6
132|15|8|9
521|16|9|6
997|9|3|8
1488|12|7|0
1813|1|9|4
105|4|8|6
504|1|5|5
1110|10|0|5
1332|1|1|1
396|5|8|0
887|9|3|8
1731|12|6|4
1411|3|7|0
150|4|1|0
164|4|8|1
1390|10|3|4
1475|14|6|1
1621|4|7|1
1801|17|0|1
16|17|1|9
1501|4|5|8
684|16|8|1
352|11|9|1
1407|5|4|0
197|11|6|9
1805|15|8|6
825|17|5|1
450|5|4|4
1021|13|0|0
381|8|6|9
72|17|6|1
706|14|5|4
517|3|5|5
1135|11|2|2
1207|3|3|9
879|2|3|0
1068|7|2|5
102|10|8|3
1089|9|7|2
1102|2|2|5
1522|17|4|5
396|18|3|6
961|1|4|3
678|11|4|5
1020|1|3|3
1046|10|2|4
1242|2|4|7
1895|8|0|8
1873|1|0|3
1421|2|7|0
670|9|7|2
1481|18|1|0
823|16|5|5
855|18|2|8
630|8|8|5
947|15|7|7
1273|3|3|8
692|12|7|5
1798|2|4|8
700|11|6|6
1852|2|3|0
1968|18|5|2
1585|12|3|7
1986|4|5|4
1552|14|3|9
1681|11|6|1
1067|6|6|1
1474|14|9|9
1238|5|7|6
1847|9|6|5
1375|6|6|5
1016|12|3|9
71|18|6|1
1043|18|8|3
750|7|6|2
1712|14|5|6
1384|6|0|7
221|9|5|2
711|17|1|3
61|6|3|4
720|2|1|8
1996|7|0|2
849|8|3|4
1758|14|4|6
741|10|0|0
760|3|9|0
549|13|4|4
959|13|8|1
762|18|6|9
37|6|3|7
1268|9|6|2
612|2|1|2
1645|10|7|5
1314|12|7|5
101|6|1|3
616|5|5|6
1865|18|4|1
100|18|2|1
1220|5|8|9
1522|5|0|1
310|16|2|3
1746|16|4|4
159|16|9|5
788|3|4|4
1116|17|6|5
1502|14|0|8
370|5|6|8
804|12|8|8
1733|1|5|3
1914|12|8|9
1027|11|4|0
1292|6|5|6
424|1|5|8
199|18|1|6
1584|16|4|8
19|3|4|1
1880|11|3|0
394|10|6|9
1588|12|9|0
750|6|4|0
1669|18|4|2
1964|2|7|9
1156|2|4|4
1343|5|2|7
596|9|4|2
1572|7|5|6
864|10|5|7
1474|16|2|6
1359|4|2|9
1624|14|1|6
754|10|0|0
1253|15|8|9
1555|14|3|4
1693|8|5|3
30|5|5|9
636|12|7|2
2|3|7|2
1499|8|9|4
1674|3|8|6
1912|5|9|1
992|7|1|5
1356|16|1|0
1083|18|3|5
1839|6|6|0
714|3|8|5
624|2|4|5
217|3|9|6
668|2|2|2
1138|9|5|4
449|14|3|4
1898|8|2|0
787|18|2|3
352|7|1|3
135|18|9|6
809|2|2|1
1711|11|2|5
955|5|3|2
1611|16|0|0
471|2|2|4
629|8|1|0
1942|7|8|3
21|14|1|9
1307|8|4|7
1617|3|3|1
1158|7|1|8
567|3|3|1
142|16|4|0
624|5|9|5
1245|10|0|4
307|16|3|0
731|10|3|1
751|2|4|7
727|3|8|1
1142|6|9|1
1027|1|1|8
345|11|4|9
1413|16|1|3
391|16|7|8
851|16|8|5
288|5|1|5
1291|4|3|6
1614|9|6|2
788|18|4|6
1634|4|0|8
1414|4|7|3
1234|1|4|4
1797|7|5|2
400|4|6|1
1925|8|0|1
1008|15|8|6
270|1|8|8
490|10|9|1
143|16|3|5
99|3|6|6
860|3|1|7
1650|11|1|5
791|18|1|6
1199|5|4|1
454|10|0|3
117|2|4|1
572|3|4|5
76|17|2|7
732|2|2|3
34|4|6|0
656|18|6|6
988|5|7|3
546|4|7|7
1319|8|9|9
1065|16|9|1
1179|7|0|7
1591|7|5|6
1196|11|4|8
936|5|1|4
1026|4|5|5
1087|1|6|4
373|11|4|8
1903|4|6|6
101|10|9|2
1819|8|4|5
886|7|0|0
1853|4|2|8
1021|4|2|9
1674|2|5|2
497|14|4|5
1758|9|9|6
1821|7|2|3
927|17|2|7
109|5|4|3
1735|13|8|1
911|9|1|6
1414|8|7|7
1239|3|9|2
1465|8|3|9
1663|2|4|9
1159|14|1|2
455|17|0|0
781|18|3|0
508|17|9|8
526|1|7|0
818|5|4|8
324|5|4|8
1443|4|1|2
1135|13|4|4
1131|17|0|1
1447|10|3|2
58|7|4|1
1004|7|8|5
1304|16|8|0
1476|6|4|1
553|8|2|9
1890|1|3|1
634|3|5|1
1813|10|4|8
477|1|8|8
1675|5|7|9
1071|5|7|9
1384|5|8|5
1688|12|3|9
188|9|0|4
432|12|2|8
1557|6|1|2
686|18|2|7
1955|17|9|3
1453|14|8|6
1449|1|2|5
354|3|9|0
247|7|3|1
981|3|5|9
1326|1|5|3
1010|18|6|4
1493|6|7|3
1302|17|9|7
303|17|0|3
591|4|0|5
1366|6|1|7
1267|10|7|5
773|18|3|7
623|9|3|8
211|18|4|5
321|4|5|3
1606|9|2|4
1594|2|5|4
531|17|3|4
773|16|8|0
1867|1|7|1
626|14|0|0
857|11|4|9
1651|5|2|6
778|7|9|6
1282|2|2|8
680|13|7|5
1441|6|8|4
309|16|1|4
1415|13|2|5
1428|10|5|8
670|17|5|4
1952|13|6|5
1277|17|2|1
991|13|1|8
1498|18|5|0
1534|9|9|1
612|7|3|7
1680|12|1|6
1778|16|6|0
38|7|4|3
143|12|4|1
918|9|5|1
644|12|0|9
1305|12|4|0
1776|4|8|4
1836|3|5|4
1961|8|4|7
855|18|1|7
1676|3|7|3
467|11|6|0
691|14|1|1
218|2|9|3
760|11|2|4
1445|3|3|6
104|11|4|2
579|12|6|4
815|2|0|7
160|9|2|6
1110|17|8|1
1655|4|5|3
831|18|5|2
1596|2|0|8
706|6|2|1
731|18|4|3
264|9|5|0
541|14|1|6
1497|16|9|3
821|11|4|4
579|13|6|0
802|2|5|2
1785|1|5|0
20|18|4|4
1996|13|2|5
1939|8|7|6
1552|4|0|4
772|7|3|3
294|12|7|5
1801|13|1|8
109|1|6|9
314|18|0|4
799|15|8|3
38|4|3|2
1155|4|3|1
1460|9|5|3
1334|11|2|7
1020|8|3|3
1738|6|8|9
1323|5|2|7
1641|3|8|5
1217|2|8|5
1444|12|5|4
1587|8|1|1
1314|18|4|8
988|3|3|4
518|8|3|8
81|16|5|9
693|6|6|5
840|18|3|7
546|1|8|9
193|14|9|7
1897|7|8|4
239|18|7|9
1622|9|7|0
1645|4|9|7
1305|8|0|7
1302|14|8|9
